{
    "modle": {
        "IDSlime": 0,
        "HP": 100.0,
        "mana": 0.0,
        "coin": 10,
        "score": 0.0,
        "highScore": 0.0,
        "location": {
            "x": -1.4901161193847657e-8,
            "y": 19.55186653137207,
            "z": 0.0
        }
    }
}